person: 0.9379022717475891
person: 0.8085438013076782
